-0.047646086663007736,0.2107423096895218,0.013896775431931019
-0.15973655879497528,-0.01832541823387146,0.038788799196481705
-0.00916270911693573,0.012980503961443901,-0.0035123717971146107
0.055587101727724075,0.012980503961443901,-0.02214321307837963
-0.06368082761764526,-0.01252236869186163,-0.011911521665751934
-0.00519220158457756,-0.021837789565324783,0.008704573847353458
-0.003970507066696882,-0.019394399598240852,0.00259610079228878
0.04062134400010109,-0.00259610079228878,-0.01832541823387146
-0.017867282032966614,0.021379653364419937,-0.007177455350756645
0.0032069480512291193,0.016645587980747223,0.0012216945178806782
-0.08399149775505066,0.07437065243721008,-0.003359660040587187
-0.013133215717971325,0.06001574173569679,-0.004734066314995289
-0.015576604753732681,0.05268557742238045,-0.019394399598240852
0.014507622458040714,0.009315420873463154,-0.021990500390529633
-0.00519220158457756,-0.027793550863862038,0.00992626789957285
-0.4497362971305847,0.15301723778247833,-0.03268032893538475
-4.953360557556152,1.6618099212646484,-0.06383354216814041
-2.6374857425689697,0.10078980028629303,-0.7687512636184692
-1.4739744663238525,1.1803096532821655,-0.08735115826129913
-0.5551074743270874,0.1757712960243225,-0.3452814221382141
-0.34100547432899475,0.30817243456840515,-0.11514470726251602
-0.017867282032966614,-0.2432699203491211,0.05894676223397255
-0.2919849753379822,0.12659808993339539,0.10857810080051422
0.021837789565324783,0.04413371533155441,-0.03787253051996231
0.1695101112127304,-0.14492350816726685,-0.04932591691613197
0.0393996499478817,-0.010995250195264816,-0.004886778071522713
0.028251685202121735,-0.2560977041721344,-0.04886778071522713
0.025655584409832954,0.008399149402976036,0.010995250195264816
-0.04413371533155441,0.0719272643327713,-0.021837789565324783
0.0010689827613532543,-0.042453885078430176,-0.01710372418165207
0.02351761981844902,-0.04031591862440109,-0.04153761267662048
-0.07574506103992462,-0.29229041934013367,-0.17806197702884674
-0.08338065445423126,-0.033596597611904144,-0.08765657991170883
0.4034646153450012,0.3032856583595276,-0.0038177953101694584
4.134214401245117,-1.6424155235290527,0.35627666115760803
2.8039417266845703,-0.21990501880645752,0.020310672000050545
1.8957644701004028,-0.3987305462360382,0.19821994006633759
0.6693359017372131,0.028251685202121735,0.07971556484699249
0.4399627447128296,-0.3461976945400238,0.042759306728839874
0.16538690030574799,-0.10750912129878998,0.10353861004114151
-0.022754060104489326,0.24937839806079865,-0.0024433890357613564
-0.04703523963689804,0.10185877978801727,0.11025793105363846
0.18646112084388733,0.11300674080848694,0.2426590770483017
0.4734066128730774,-0.12278030067682266,0.24433889985084534
-0.18630841374397278,0.31260108947753906,0.26342788338661194
-0.00519220158457756,-0.04352286830544472,0.0038177953101694584
-0.5436540842056274,-0.21883602440357208,-0.07146912813186646
0.006108472589403391,-0.06520794332027435,0.00015271181473508477
-0.1904316395521164,0.1763821393251419,0.1253764033317566
0.13774605095386505,-0.04062134400010109,0.037567105144262314
0.08322793990373611,-0.04489727318286896,-0.025808297097682953
0.09727742522954941,-0.1316375881433487,-0.01969982497394085
0.029320668429136276,0.04306473210453987,-0.03176405653357506
